Table of Valid Results
--------------------------------------------
alpha=0.5
delta=0.15
power=0.8
p0=x (0.1 -> 0.8)
--------------------------------------------
0.1
(40,7)                     0.0419     0.8180
(20,5,19,7)                0.0406     0.8002
(20,1,20,7)                0.0412     0.8132
(20,2,5,20,7)              0.0449     0.8176
(13,4,13,6,13,7)           0.0415     0.8013
(14,0,13,3,13,7)           0.0397     0.8028
(16,2,4,12,4,6,12,7)       0.0494     0.8025
0.2
(56,16)                    0.0432     0.8064
(28,10,28,16)              0.0495     0.8135
(28,5,25,15)               0.0499     0.8018
(28,6,10,28,16)            0.0483     0.8055
(19,8,19,13,18,16)         0.0484     0.8126
(18,2,18,7,17,15)          0.0497     0.8002
(18,3,9,18,8,14,17,15)     0.0500     0.8005
0.3
(67,26)                    0.0466     0.8147
(34,16,30,25)              0.0495     0.8009
(34,10,33,26)              0.0449     0.8044
(34,9,16,30,25)            0.0495     0.8005
(22,14,21,19,21,25)        0.0499     0.8023
(23,4,22,15,22,26)         0.0442     0.8018
(22,5,13,21,13,19,21,25)   0.0498     0.8006
0.4
(71,35)                    0.0438     0.8017
(35,21,34,34)              0.0476     0.8003
(36,12,35,35)              0.0437     0.8013
(35,12,21,34,34)           0.0476     0.8002
(23,15,23,26,23,34)        0.0492     0.8020
(24,6,24,19,23,35)         0.0436     0.8006
(23,7,15,23,19,26,23,34)   0.0489     0.8006
0.5
(69,41)                    0.0456     0.8021
(35,24,34,41)              0.0487     0.8056
(35,16,34,41)              0.0454     0.8008
(35,18,24,34,41)           0.0479     0.8008
(23,17,23,31,23,41)        0.0491     0.8056
(23,8,23,23,23,41)         0.0454     0.8009
(23,10,17,23,25,31,23,41)  0.0481     0.8001
0.6
(62,43)                    0.0492     0.8121
(31,26,31,43)              0.0494     0.8124
(31,18,31,43)              0.0485     0.8084
(31,19,25,31,43)           0.0497     0.8097
(21,19,21,33,20,43)        0.0497     0.8127
(21,10,21,27,20,43)        0.0469     0.8006
(21,12,18,21,28,32,20,43)  0.0492     0.8007
0.7
(49,39)                    0.0480     0.8089
(25,23,24,39)              0.0484     0.8094
(25,17,24,39)              0.0476     0.8069
(25,18,23,24,39)           0.0480     0.8074
(17,16,16,29,16,39)        0.0497     0.8106
(17,10,16,24,16,39)        0.0474     0.8060
(17,12,16,16,25,29,16,39)  0.0482     0.8017
0.8
(30,27)                    0.0442     0.8122
(19,18,11,27)              0.0497     0.8179
(15,12,15,27)              0.0442     0.8122
(19,17,18,11,27)           0.0497     0.8179
(19,18,6,24,5,27)          0.0497     0.8179
(10,7,10,17,10,27)         0.0442     0.8122
(10,8,10,10,18,19,10,27)   0.0479     0.8163
